$ 1 0.000001 2.3728258192205156 50 5 43 5e-11
g 128 288 128 304 0 0
v 128 288 128 192 0 1 1000 5 0 0 0.5
r 128 192 224 192 0 1000
r 224 192 336 192 0 1000
c 336 192 336 288 0 0.000009999999999999999 -0.0012064531917038573 0
g 336 288 336 304 0 0
w 224 192 224 128 0
c 224 128 528 128 0 0.0000082 0.024139814045878182 0
w 496 192 528 192 0
w 528 192 576 192 0
w 528 128 528 192 0
r 576 192 576 288 0 100
g 576 288 576 304 0 0
212 400 192 448 192 0 2 a-b
g 496 224 496 304 0 0
g 400 224 400 304 0 0
w 336 192 400 192 0
403 224 80 352 144 0 7_8_0_12289_0.0001_0.004998733425940742_-1_2_7_3
403 224 256 320 320 0 4_8_0_4099_0.00244140625_0.00009765625_-1_2_4_3
o 1 8 0 12289 0.0001 0.004999345329790297 0 2 1 3
o 11 8 0 12291 0.00126622497897114 0.0001 1 2 11 3
